0,000	0,000	0
1365783638,000	280,184	40
1365783639,000	415,032	52
1365783640,000	390,440	53
1365783641,000	418,504	55
1365783642,000	407,080	52
1365783643,000	433,400	56
1365783644,000	446,464	60
1365783645,000	485,136	64
1365783646,000	501,568	66
1365783647,000	487,312	65
1365783648,000	578,768	77
1365783649,000	583,400	75
1365783650,000	537,968	67
1365783651,000	704,416	86
1365783652,000	666,048	83
1365783653,000	708,568	86
1365783654,000	741,440	90
1365783655,000	808,776	97
1365783656,000	838,312	100
1365783657,000	880,976	104
1365783658,000	889,840	106
1365783659,000	864,144	103
1365783660,000	1086,216	126
1365783661,000	1097,080	129
1365783662,000	1096,328	128
1365783663,000	1320,624	149
1365783664,000	1244,048	144
1365783665,000	1329,816	153
1365783666,000	1390,960	156
1365783667,000	1576,360	176
1365783668,000	1549,096	175
1365783669,000	1588,624	178
1365783670,000	1576,176	178
1365783671,000	1600,152	177
1365783672,000	1861,680	207
1365783673,000	1952,016	216
1365783674,000	1891,416	212
1365783675,000	2235,672	246
1365783676,000	2142,096	236
1365783677,000	2131,680	233
1365783678,000	2131,896	238
1365783679,000	2378,128	261
1365783680,000	2111,008	235
1365783681,000	2149,280	237
1365783682,000	2019,792	223
1365783683,000	2044,800	227
1365783684,000	2181,664	241
1365783685,000	2150,600	239
1365783686,000	2013,072	226
1365783687,000	2219,600	244
1365783688,000	2145,120	236
1365783689,000	2122,696	233
1365783690,000	2150,048	239
1365783691,000	2368,312	260
1365783692,000	2197,544	244
1365783693,000	2158,640	239
1365783694,000	1975,592	218
1365783695,000	1927,840	216
1365783696,000	2176,528	241
1365783697,000	2061,896	227
1365783698,000	2022,888	226
1365783699,000	2272,872	250
1365783700,000	2122,184	233
1365783701,000	2202,320	243
1365783702,000	2123,072	236
1365783703,000	2357,120	259
1365783704,000	2236,920	248
1365783705,000	2082,144	232
1365783706,000	2066,480	227
1365783707,000	1849,424	206
1365783708,000	2151,080	239
1365783709,000	2166,560	239
1365783710,000	2021,312	224
1365783711,000	2304,240	255
1365783712,000	2219,928	244
1365783713,000	2095,752	231
1365783714,000	2070,848	231
1365783715,000	2383,648	263
1365783716,000	2148,976	240
1365783717,000	2136,320	236
1365783718,000	2003,728	221
1365783719,000	2005,632	222
1365783720,000	2192,280	243
1365783721,000	2170,608	239
1365783722,000	2030,016	227
1365783723,000	2228,712	246
1365783724,000	2134,104	234
1365783725,000	2139,856	235
1365783726,000	2100,592	234
1365783727,000	2229,080	244
1365783728,000	2176,952	242
1365783729,000	2225,448	247
1365783730,000	1868,544	207
1365783731,000	1942,712	214
1365783732,000	2162,560	239
1365783733,000	2156,840	238
1365783734,000	2035,744	225
1365783735,000	2253,168	249
1365783736,000	2103,528	231
1365783737,000	2144,488	234
1365783738,000	2039,360	225
1365783739,000	2335,568	257
1365783740,000	2149,344	239
1365783741,000	2142,904	236
1365783742,000	1986,800	218
1365783743,000	2027,280	223
1365783744,000	2122,152	234
1365783745,000	2155,448	239
1365783746,000	2018,872	224
1365783747,000	2227,320	246
1365783748,000	2146,480	236
1365783749,000	2199,448	242
1365783750,000	1991,504	222
1365783751,000	2319,280	254
1365783752,000	2175,848	241
1365783753,000	2123,352	235
1365783754,000	1994,520	221
1365783755,000	1986,848	220
1365783756,000	2166,368	240
1365783757,000	2150,000	238
1365783758,000	2024,888	225
1365783759,000	2278,576	250
1365783760,000	2124,784	234
1365783761,000	2155,440	236
1365783762,000	2095,840	234
1365783763,000	2260,944	248
1365783764,000	2151,248	241
1365783765,000	2151,256	237
1365783766,000	2039,432	226
1365783767,000	2008,800	221
1365783768,000	2160,000	238
1365783769,000	2151,136	238
1365783770,000	2007,496	223
1365783771,000	2222,520	245
1365783772,000	2107,808	232
1365783773,000	2142,896	235
1365783774,000	2105,296	232
1365783775,000	2274,928	250
1365783776,000	2119,552	236
1365783777,000	2142,136	237
1365783778,000	2056,376	228
1365783779,000	2007,288	222
1365783780,000	2165,712	240
1365783781,000	2152,760	237
1365783782,000	1930,592	216
1365783783,000	2221,832	246
1365783784,000	2142,224	235
1365783785,000	2089,864	230
1365783786,000	2029,896	222
1365783787,000	2323,504	255
1365783788,000	2203,232	245
1365783789,000	2164,184	238
1365783790,000	1996,584	222
1365783791,000	2030,128	223
1365783792,000	2162,664	239
1365783793,000	2153,224	239
1365783794,000	2014,472	224
1365783795,000	2216,496	243
1365783796,000	2114,296	232
1365783797,000	2117,640	231
1365783798,000	2124,984	237
1365783799,000	2267,512	250
1365783800,000	2135,600	239
1365783801,000	2129,072	235
1365783802,000	2058,696	228
1365783803,000	2008,272	223
1365783804,000	2170,024	240
1365783805,000	2155,432	238
1365783806,000	2000,064	221
1365783807,000	2230,712	247
1365783808,000	2107,168	232
1365783809,000	2112,680	231
1365783810,000	2123,264	236
1365783811,000	2252,120	249
1365783812,000	2136,912	239
1365783813,000	2145,824	238
1365783814,000	2058,184	229
1365783815,000	2015,272	224
1365783816,000	2167,680	241
1365783817,000	2157,304	239
1365783818,000	2008,856	223
1365783819,000	2219,224	247
1365783820,000	2113,360	232
1365783821,000	2130,560	232
1365783822,000	2193,304	242
1365783823,000	2230,680	249
1365783824,000	2024,384	227
1365783825,000	2109,968	232
1365783826,000	2061,120	229
1365783827,000	2059,968	226
1365783828,000	2178,408	241
1365783829,000	2180,512	241
1365783830,000	2017,120	223
1365783831,000	2165,416	241
1365783832,000	2112,736	233
1365783833,000	2147,792	235
1365783834,000	2157,512	238
1365783835,000	2217,960	247
1365783836,000	2108,672	234
1365783837,000	2116,968	234
1365783838,000	2056,680	228
1365783839,000	2060,912	224
1365783840,000	2177,008	242
1365783841,000	2178,888	241
1365783842,000	2025,632	225
1365783843,000	2168,520	240
1365783844,000	2102,400	233
1365783845,000	2148,496	236
1365783846,000	2158,728	239
1365783847,000	2207,344	245
1365783848,000	2099,104	233
1365783849,000	2133,440	234
1365783850,000	2045,024	228
1365783851,000	2060,456	226
1365783852,000	2176,400	241
1365783853,000	2176,624	242
1365783854,000	2023,520	224
1365783855,000	2171,000	240
1365783856,000	2100,600	232
1365783857,000	2145,368	235
1365783858,000	2163,728	240
1365783859,000	2210,168	245
1365783860,000	2103,320	235
1365783861,000	2134,512	236
1365783862,000	2037,904	227
1365783863,000	2059,624	226
1365783864,000	2174,816	241
1365783865,000	2171,968	239
1365783866,000	2030,856	223
1365783867,000	2171,208	240
1365783868,000	2101,400	232
1365783869,000	2162,184	237
1365783870,000	2191,776	242
1365783871,000	2152,936	236
1365783872,000	2117,328	235
1365783873,000	2134,448	235
1365783874,000	2038,792	225
1365783875,000	2060,040	227
1365783876,000	2176,408	241
1365783877,000	2072,632	229
1365783878,000	2093,872	230
1365783879,000	2210,800	244
1365783880,000	2192,752	241
1365783881,000	2078,896	230
1365783882,000	2164,096	240
1365783883,000	2041,912	225
1365783884,000	2224,280	248
1365783885,000	2147,256	238
1365783886,000	1977,712	220
1365783887,000	2073,192	230
1365783888,000	2178,568	241
1365783889,000	2165,480	239
1365783890,000	2043,192	226
1365783891,000	2201,400	243
1365783892,000	2100,808	232
1365783893,000	2123,056	235
1365783894,000	2174,424	240
1365783895,000	2203,832	245
1365783896,000	2107,752	236
1365783897,000	2123,224	234
1365783898,000	2042,440	228
1365783899,000	2075,640	229
1365783900,000	2207,912	246
1365783901,000	2128,096	236
1365783902,000	2049,184	228
1365783903,000	2125,072	233
1365783904,000	2094,296	231
1365783905,000	2170,352	237
1365783906,000	2188,144	243
1365783907,000	2126,336	234
1365783908,000	2104,896	234
1365783909,000	2132,368	236
1365783910,000	2024,728	224
1365783911,000	2072,576	228
1365783912,000	2206,952	245
1365783913,000	2158,976	239
1365783914,000	2041,424	226
1365783915,000	2196,632	241
1365783916,000	2081,816	228
1365783917,000	2117,480	234
1365783918,000	2173,256	240
1365783919,000	2187,152	241
1365783920,000	2116,896	235
1365783921,000	2117,168	234
1365783922,000	2041,984	227
1365783923,000	2071,464	228
1365783924,000	2203,112	245
1365783925,000	2141,000	237
1365783926,000	2046,824	227
1365783927,000	2202,736	243
1365783928,000	2083,832	230
1365783929,000	2128,608	235
1365783930,000	2162,760	240
1365783931,000	2188,104	242
1365783932,000	2100,720	233
1365783933,000	2131,216	233
